@TILE_ISLAND,16,16,8,8:0,0;16,0;32,0;48,0;
@TILE_CENTER,16,16,8,8:0,0;16,0;32,0;48,0;
@TILE_LEFT,16,16,8,8:0,0;16,0;32,0;48,0;
@TILE_RIGHT,16,16,8,8:0,0;16,0;32,0;48,0;
@BUBBLING_POT,16,16,8,16:
@PLATTER,16,16,8,16:
@FOOD_POTATO,16,16,8,8:
@FOOD_WATERMELON,16,16,8,8:
@FOOD_GRAPE,16,16,8,8:
@FOOD_CHICKEN,16,16,8,8:
@KING_IDLE,16,21,8,21:128,16;144,16;160,16;
@KING_RUN,16,21,8,21:0,16;16,16;32,16;48,16;64,16;80,16;96,16;112,16;
@KING_JUMP,16,21,8,21:
@KING_FLOAT,16,21,8,21:
@GUARD_IDLE,16,21,8,21:128,16;144,16;160,16;
@GUARD_RUN,16,21,8,21:0,16;16,16;32,16;48,16;64,16;80,16;96,16;112,16;
@GUARD_JUMP,16,21,8,21:
@GUARD_END,16,21,8,21:guard jump in anger or joy after game end. 1 idle+1 jump 

16,32,48,64,80,96,112,128,144,160,176,192,208,224,240,256,272,288,304,320,336,352,368,384,400,416,432,448,464,480,496,512,528,544,560,576,592,608,624,640,656,672,688,704,720,736,752,768,784